################################################
# ITK-SnAP Label Description File
# File format: 
# IDX   -R-  -G-  -B-  -A--  VIS MSH  LABEL
# Fields: 
#    IDX:   Zero-based index 
#    -R-:   Red color component (0..255)
#    -G-:   Green color component (0..255)
#    -B-:   Blue color component (0..255)
#    -A-:   Label transparency (0.00 .. 1.00)
#    VIS:   Label visibility (0 or 1)
#    IDX:   Label mesh visibility (0 or 1)
#  LABEL:   Label description 
################################################
0	0	0	0	1	1	1	"Clear"
1	28	28	0	1	1	1	"8Bm_L_1"
2	28	57	0	1	1	1	"8Bm_L_2"
3	28	85	0	1	1	1	"8Bm_L_3"
4	28	113	0	1	1	1	"8Bm_L_4"
5	28	142	0	1	1	1	"8Bm_L_5"
6	28	170	0	1	1	1	"8Bm_L_6"
7	28	198	0	1	1	1	"11l_L_1"
8	28	227	0	1	1	1	"11l_L_2"
9	28	255	0	1	1	1	"11l_L_3"
10	57	28	0	1	1	1	"11l_L_4"
11	57	57	0	1	1	1	"11l_L_5"
12	57	85	0	1	1	1	"11l_L_6"
13	57	113	0	1	1	1	"CE_L_1"
14	57	142	0	1	1	1	"CE_L_2"
15	57	170	0	1	1	1	"CE_L_3"
16	57	198	0	1	1	1	"CE_L_4"
17	57	227	0	1	1	1	"CE_L_5"
18	57	255	0	1	1	1	"CE_L_6"
19	85	28	0	1	1	1	"14r_L_1"
20	85	57	0	1	1	1	"14r_L_2"
21	85	85	0	1	1	1	"14r_L_3"
22	85	113	0	1	1	1	"14r_L_4"
23	85	142	0	1	1	1	"14r_L_5"
24	85	170	0	1	1	1	"14r_L_6"
25	85	198	0	1	1	1	"v23a_L_1"
26	85	227	0	1	1	1	"v23a_L_2"
27	85	255	0	1	1	1	"v23a_L_3"
28	113	28	0	1	1	1	"v23a_L_4"
29	113	57	0	1	1	1	"v23a_L_5"
30	113	85	0	1	1	1	"v23a_L_6"
31	113	113	0	1	1	1	"Ia_L_1"
32	113	142	0	1	1	1	"Ia_L_2"
33	113	170	0	1	1	1	"Ia_L_3"
34	113	198	0	1	1	1	"Ia_L_4"
35	113	227	0	1	1	1	"Ia_L_5"
36	113	255	0	1	1	1	"Ia_L_6"
37	142	28	0	1	1	1	"13b_L_1"
38	142	57	0	1	1	1	"13b_L_2"
39	142	85	0	1	1	1	"13b_L_3"
40	142	113	0	1	1	1	"13b_L_4"
41	142	142	0	1	1	1	"13b_L_5"
42	142	170	0	1	1	1	"13b_L_6"
43	142	198	0	1	1	1	"Ld_L_1"
44	142	227	0	1	1	1	"Ld_L_2"
45	142	255	0	1	1	1	"Ld_L_3"
46	170	28	0	1	1	1	"Ld_L_4"
47	170	57	0	1	1	1	"Ld_L_5"
48	170	85	0	1	1	1	"Ld_L_6"
49	170	113	0	1	1	1	"36c_L_1"
50	170	142	0	1	1	1	"36c_L_2"
51	170	170	0	1	1	1	"36c_L_3"
52	170	198	0	1	1	1	"36c_L_4"
53	170	227	0	1	1	1	"36c_L_5"
54	170	255	0	1	1	1	"36c_L_6"
55	198	28	0	1	1	1	"24a'_L_1"
56	198	57	0	1	1	1	"24a'_L_2"
57	198	85	0	1	1	1	"24a'_L_3"
58	198	113	0	1	1	1	"24a'_L_4"
59	198	142	0	1	1	1	"24a'_L_5"
60	198	170	0	1	1	1	"24a'_L_6"
61	198	198	0	1	1	1	"10mc_L_1"
62	198	227	0	1	1	1	"10mc_L_2"
63	198	255	0	1	1	1	"10mc_L_3"
64	227	28	0	1	1	1	"10mc_L_4"
65	227	57	0	1	1	1	"10mc_L_5"
66	227	85	0	1	1	1	"10mc_L_6"
67	227	113	0	1	1	1	"CPB_L_1"
68	227	142	0	1	1	1	"CPB_L_2"
69	227	170	0	1	1	1	"CPB_L_3"
70	227	198	0	1	1	1	"CPB_L_4"
71	227	227	0	1	1	1	"CPB_L_5"
72	227	255	0	1	1	1	"CPB_L_6"
73	255	28	0	1	1	1	"v23b_L_1"
74	255	57	0	1	1	1	"v23b_L_2"
75	255	85	0	1	1	1	"v23b_L_3"
76	255	113	0	1	1	1	"v23b_L_4"
77	255	142	0	1	1	1	"v23b_L_5"
78	255	170	0	1	1	1	"v23b_L_6"
79	255	198	0	1	1	1	"13l_L_1"
80	255	227	0	1	1	1	"13l_L_2"
81	255	255	0	1	1	1	"13l_L_3"
82	100	28	28	1	1	1	"13l_L_4"
83	100	57	28	1	1	1	"13l_L_5"
84	100	85	28	1	1	1	"13l_L_6"
85	0	113	28	1	1	1	"V4_L_1"
86	0	142	28	1	1	1	"V4_L_2"
87	0	170	28	1	1	1	"V4_L_3"
88	0	198	28	1	1	1	"V4_L_4"
89	0	227	28	1	1	1	"V4_L_5"
90	0	255	28	1	1	1	"V4_L_6"
91	28	0	28	1	1	1	"Lv_L_1"
92	28	57	28	1	1	1	"Lv_L_2"
93	28	85	28	1	1	1	"Lv_L_3"
94	28	113	28	1	1	1	"Lv_L_4"
95	28	142	28	1	1	1	"Lv_L_5"
96	28	170	28	1	1	1	"Lv_L_6"
97	28	198	28	1	1	1	"31_L_1"
98	28	227	28	1	1	1	"31_L_2"
99	28	255	28	1	1	1	"31_L_3"
100	57	0	28	1	1	1	"31_L_4"
101	57	28	28	1	1	1	"31_L_5"
102	57	57	28	1	1	1	"31_L_6"
103	57	85	28	1	1	1	"Ig_L_1"
104	57	113	28	1	1	1	"Ig_L_2"
105	57	142	28	1	1	1	"Ig_L_3"
106	57	170	28	1	1	1	"Ig_L_4"
107	57	198	28	1	1	1	"Ig_L_5"
108	57	227	28	1	1	1	"Ig_L_6"
109	57	255	28	1	1	1	"ML_L_1"
110	85	0	28	1	1	1	"ML_L_2"
111	85	28	28	1	1	1	"ML_L_3"
112	85	57	28	1	1	1	"ML_L_4"
113	85	85	28	1	1	1	"ML_L_5"
114	85	113	28	1	1	1	"ML_L_6"
115	85	142	28	1	1	1	"COa_L_1"
116	85	170	28	1	1	1	"COa_L_2"
117	85	198	28	1	1	1	"COa_L_3"
118	85	227	28	1	1	1	"COa_L_4"
119	85	255	28	1	1	1	"COa_L_5"
120	113	0	28	1	1	1	"COa_L_6"
121	113	28	28	1	1	1	"23a_L_1"
122	113	57	28	1	1	1	"23a_L_2"
123	113	85	28	1	1	1	"23a_L_3"
124	113	113	28	1	1	1	"23a_L_4"
125	113	142	28	1	1	1	"23a_L_5"
126	113	170	28	1	1	1	"23a_L_6"
127	113	198	28	1	1	1	"ER_L_1"
128	113	227	28	1	1	1	"ER_L_2"
129	113	255	28	1	1	1	"ER_L_3"
130	142	0	28	1	1	1	"ER_L_4"
131	142	28	28	1	1	1	"ER_L_5"
132	142	57	28	1	1	1	"ER_L_6"
133	142	85	28	1	1	1	"10o_L_1"
134	142	113	28	1	1	1	"10o_L_2"
135	142	142	28	1	1	1	"10o_L_3"
136	142	170	28	1	1	1	"10o_L_4"
137	142	198	28	1	1	1	"10o_L_5"
138	142	227	28	1	1	1	"10o_L_6"
139	142	255	28	1	1	1	"VIP_L_1"
140	170	0	28	1	1	1	"VIP_L_2"
141	170	28	28	1	1	1	"VIP_L_3"
142	170	57	28	1	1	1	"VIP_L_4"
143	170	85	28	1	1	1	"VIP_L_5"
144	170	113	28	1	1	1	"VIP_L_6"
145	170	142	28	1	1	1	"LIPv_L_1"
146	170	170	28	1	1	1	"LIPv_L_2"
147	170	198	28	1	1	1	"LIPv_L_3"
148	170	227	28	1	1	1	"LIPv_L_4"
149	170	255	28	1	1	1	"LIPv_L_5"
150	198	0	28	1	1	1	"LIPv_L_6"
151	198	28	28	1	1	1	"8Bs_L_1"
152	198	57	28	1	1	1	"8Bs_L_2"
153	198	85	28	1	1	1	"8Bs_L_3"
154	198	113	28	1	1	1	"8Bs_L_4"
155	198	142	28	1	1	1	"8Bs_L_5"
156	198	170	28	1	1	1	"8Bs_L_6"
157	198	198	28	1	1	1	"ABmc_L_1"
158	198	227	28	1	1	1	"ABmc_L_2"
159	198	255	28	1	1	1	"ABmc_L_3"
160	227	0	28	1	1	1	"ABmc_L_4"
161	227	28	28	1	1	1	"ABmc_L_5"
162	227	57	28	1	1	1	"ABmc_L_6"
163	227	85	28	1	1	1	"V1_L_1"
164	227	113	28	1	1	1	"V1_L_2"
165	227	142	28	1	1	1	"V1_L_3"
166	227	170	28	1	1	1	"V1_L_4"
167	227	198	28	1	1	1	"V1_L_5"
168	227	227	28	1	1	1	"V1_L_6"
169	227	255	28	1	1	1	"G_L_1"
170	255	0	28	1	1	1	"G_L_2"
171	255	28	28	1	1	1	"G_L_3"
172	255	57	28	1	1	1	"G_L_4"
173	255	85	28	1	1	1	"G_L_5"
174	255	113	28	1	1	1	"G_L_6"
175	255	142	28	1	1	1	"9d_L_1"
176	255	170	28	1	1	1	"9d_L_2"
177	255	198	28	1	1	1	"9d_L_3"
178	255	227	28	1	1	1	"9d_L_4"
179	255	255	28	1	1	1	"9d_L_5"
180	255	28	57	1	1	1	"9d_L_6"
181	0	57	57	1	1	1	"7op_L_1"
182	0	85	57	1	1	1	"7op_L_2"
183	0	113	57	1	1	1	"7op_L_3"
184	0	142	57	1	1	1	"7op_L_4"
185	0	170	57	1	1	1	"7op_L_5"
186	0	198	57	1	1	1	"7op_L_6"
187	0	227	57	1	1	1	"V4t_L_1"
188	0	255	57	1	1	1	"V4t_L_2"
189	28	0	57	1	1	1	"V4t_L_3"
190	28	28	57	1	1	1	"V4t_L_4"
191	28	57	57	1	1	1	"V4t_L_5"
192	28	85	57	1	1	1	"V4t_L_6"
193	28	113	57	1	1	1	"46f_L_1"
194	28	142	57	1	1	1	"46f_L_2"
195	28	170	57	1	1	1	"46f_L_3"
196	28	198	57	1	1	1	"46f_L_4"
197	28	227	57	1	1	1	"46f_L_5"
198	28	255	57	1	1	1	"46f_L_6"
199	57	0	57	1	1	1	"Bi_L_1"
200	57	28	57	1	1	1	"Bi_L_2"
201	57	85	57	1	1	1	"Bi_L_3"
202	57	113	57	1	1	1	"Bi_L_4"
203	57	142	57	1	1	1	"Bi_L_5"
204	57	170	57	1	1	1	"Bi_L_6"
205	57	198	57	1	1	1	"5_(PE)_L_1"
206	57	227	57	1	1	1	"5_(PE)_L_2"
207	57	255	57	1	1	1	"5_(PE)_L_3"
208	85	0	57	1	1	1	"5_(PE)_L_4"
209	85	28	57	1	1	1	"5_(PE)_L_5"
210	85	57	57	1	1	1	"5_(PE)_L_6"
211	85	85	57	1	1	1	"TEav_L_1"
212	85	113	57	1	1	1	"TEav_L_2"
213	85	142	57	1	1	1	"TEav_L_3"
214	85	170	57	1	1	1	"TEav_L_4"
215	85	198	57	1	1	1	"TEav_L_5"
216	85	227	57	1	1	1	"TEav_L_6"
217	85	255	57	1	1	1	"32_L_1"
218	113	0	57	1	1	1	"32_L_2"
219	113	28	57	1	1	1	"32_L_3"
220	113	57	57	1	1	1	"32_L_4"
221	113	85	57	1	1	1	"32_L_5"
222	113	113	57	1	1	1	"32_L_6"
223	113	142	57	1	1	1	"AL_L_1"
224	113	170	57	1	1	1	"AL_L_2"
225	113	198	57	1	1	1	"AL_L_3"
226	113	227	57	1	1	1	"AL_L_4"
227	113	255	57	1	1	1	"AL_L_5"
228	142	0	57	1	1	1	"AL_L_6"
229	142	28	57	1	1	1	"10mr_L_1"
230	142	57	57	1	1	1	"10mr_L_2"
231	142	85	57	1	1	1	"10mr_L_3"
232	142	113	57	1	1	1	"10mr_L_4"
233	142	142	57	1	1	1	"10mr_L_5"
234	142	170	57	1	1	1	"10mr_L_6"
235	142	198	57	1	1	1	"COp_L_1"
236	142	227	57	1	1	1	"COp_L_2"
237	142	255	57	1	1	1	"COp_L_3"
238	170	0	57	1	1	1	"COp_L_4"
239	170	28	57	1	1	1	"COp_L_5"
240	170	57	57	1	1	1	"COp_L_6"
241	170	85	57	1	1	1	"24b_L_1"
242	170	113	57	1	1	1	"24b_L_2"
243	170	142	57	1	1	1	"24b_L_3"
244	170	170	57	1	1	1	"24b_L_4"
245	170	198	57	1	1	1	"24b_L_5"
246	170	227	57	1	1	1	"24b_L_6"
247	170	255	57	1	1	1	"1-2_L_1"
248	198	0	57	1	1	1	"1-2_L_2"
249	198	28	57	1	1	1	"1-2_L_3"
250	198	57	57	1	1	1	"1-2_L_4"
251	198	85	57	1	1	1	"1-2_L_5"
252	198	113	57	1	1	1	"1-2_L_6"
253	198	142	57	1	1	1	"8Av_L_1"
254	198	170	57	1	1	1	"8Av_L_2"
255	198	198	57	1	1	1	"8Av_L_3"
256	198	227	57	1	1	1	"8Av_L_4"
257	198	255	57	1	1	1	"8Av_L_5"
258	227	0	57	1	1	1	"8Av_L_6"
259	227	28	57	1	1	1	"ECL_L_1"
260	227	57	57	1	1	1	"ECL_L_2"
261	227	85	57	1	1	1	"ECL_L_3"
262	227	113	57	1	1	1	"ECL_L_4"
263	227	142	57	1	1	1	"ECL_L_5"
264	227	170	57	1	1	1	"ECL_L_6"
265	227	198	57	1	1	1	"FST_L_1"
266	227	227	57	1	1	1	"FST_L_2"
267	227	255	57	1	1	1	"FST_L_3"
268	255	0	57	1	1	1	"FST_L_4"
269	255	28	57	1	1	1	"FST_L_5"
270	255	57	57	1	1	1	"FST_L_6"
271	255	85	57	1	1	1	"12m_L_1"
272	255	113	57	1	1	1	"12m_L_2"
273	255	142	57	1	1	1	"12m_L_3"
274	255	170	57	1	1	1	"12m_L_4"
275	255	198	57	1	1	1	"12m_L_5"
276	255	227	57	1	1	1	"12m_L_6"
277	255	255	57	1	1	1	"V6Av_L_1"
278	0	28	85	1	1	1	"V6Av_L_2"
279	0	57	85	1	1	1	"V6Av_L_3"
280	0	85	85	1	1	1	"V6Av_L_4"
281	0	113	85	1	1	1	"V6Av_L_5"
282	0	142	85	1	1	1	"V6Av_L_6"
283	0	170	85	1	1	1	"8Bd_L_1"
284	0	198	85	1	1	1	"8Bd_L_2"
285	0	227	85	1	1	1	"8Bd_L_3"
286	0	255	85	1	1	1	"8Bd_L_4"
287	28	0	85	1	1	1	"8Bd_L_5"
288	28	28	85	1	1	1	"8Bd_L_6"
289	28	57	85	1	1	1	"ABpc_L_1"
290	28	85	85	1	1	1	"ABpc_L_2"
291	28	113	85	1	1	1	"ABpc_L_3"
292	28	142	85	1	1	1	"ABpc_L_4"
293	28	170	85	1	1	1	"ABpc_L_5"
294	28	198	85	1	1	1	"ABpc_L_6"
295	28	227	85	1	1	1	"TGvd_L_1"
296	28	255	85	1	1	1	"TGvd_L_2"
297	57	100	85	1	1	1	"TGvd_L_3"
298	57	28	85	1	1	1	"TGvd_L_4"
299	57	57	85	1	1	1	"TGvd_L_5"
300	57	85	85	1	1	1	"TGvd_L_6"
301	57	113	85	1	1	1	"V3d_L_1"
302	57	142	85	1	1	1	"V3d_L_2"
303	57	170	85	1	1	1	"V3d_L_3"
304	57	198	85	1	1	1	"V3d_L_4"
305	57	227	85	1	1	1	"V3d_L_5"
306	57	255	85	1	1	1	"V3d_L_6"
307	85	120	85	1	1	1	"F1_(4)_L_1"
308	85	28	85	1	1	1	"F1_(4)_L_2"
309	255	255	0	1	1	1	"F1_(4)_L_3"
310	85	113	85	1	1	1	"F1_(4)_L_4"
311	85	142	85	1	1	1	"F1_(4)_L_5"
312	85	170	85	1	1	1	"F1_(4)_L_6"
313	85	198	85	1	1	1	"Iam_L_1"
314	85	227	85	1	1	1	"Iam_L_2"
315	85	255	85	1	1	1	"Iam_L_3"
316	113	0	85	1	1	1	"Iam_L_4"
317	113	28	85	1	1	1	"Iam_L_5"
318	113	57	85	1	1	1	"Iam_L_6"
319	113	85	85	1	1	1	"SII_L_1"
320	113	113	85	1	1	1	"SII_L_2"
321	113	142	85	1	1	1	"SII_L_3"
322	113	170	85	1	1	1	"SII_L_4"
323	113	198	85	1	1	1	"SII_L_5"
324	113	227	85	1	1	1	"SII_L_6"
325	113	255	85	1	1	1	"23b_L_1"
326	142	0	85	1	1	1	"23b_L_2"
327	142	28	85	1	1	1	"23b_L_3"
328	142	57	85	1	1	1	"23b_L_4"
329	142	85	85	1	1	1	"23b_L_5"
330	142	113	85	1	1	1	"23b_L_6"
331	142	142	85	1	1	1	"13m_L_1"
332	142	170	85	1	1	1	"13m_L_2"
333	142	198	85	1	1	1	"13m_L_3"
334	142	227	85	1	1	1	"13m_L_4"
335	142	255	85	1	1	1	"13m_L_5"
336	170	0	85	1	1	1	"13m_L_6"
337	170	28	85	1	1	1	"9m_L_1"
338	170	57	85	1	1	1	"9m_L_2"
339	170	85	85	1	1	1	"9m_L_3"
340	170	113	85	1	1	1	"9m_L_4"
341	170	142	85	1	1	1	"9m_L_5"
342	170	170	85	1	1	1	"9m_L_6"
343	170	198	85	1	1	1	"EI_L_1"
344	170	227	85	1	1	1	"EI_L_2"
345	170	255	85	1	1	1	"EI_L_3"
346	198	0	85	1	1	1	"EI_L_4"
347	198	28	85	1	1	1	"EI_L_5"
348	198	57	85	1	1	1	"EI_L_6"
349	198	85	85	1	1	1	"RPB_L_1"
350	198	113	85	1	1	1	"RPB_L_2"
351	198	142	85	1	1	1	"RPB_L_3"
352	198	170	85	1	1	1	"RPB_L_4"
353	198	198	85	1	1	1	"RPB_L_5"
354	198	227	85	1	1	1	"RPB_L_6"
355	198	255	85	1	1	1	"13a_L_1"
356	227	0	85	1	1	1	"13a_L_2"
357	227	28	85	1	1	1	"13a_L_3"
358	227	57	85	1	1	1	"13a_L_4"
359	227	85	85	1	1	1	"13a_L_5"
360	227	113	85	1	1	1	"13a_L_6"
361	227	142	85	1	1	1	"AONd/m_L_1"
362	227	170	85	1	1	1	"AONd/m_L_2"
363	227	198	85	1	1	1	"AONd/m_L_3"
364	227	227	85	1	1	1	"AONd/m_L_4"
365	227	255	85	1	1	1	"AONd/m_L_5"
366	255	0	85	1	1	1	"AONd/m_L_6"
367	255	28	85	1	1	1	"F3_L_1"
368	255	57	85	1	1	1	"F3_L_2"
369	255	85	85	1	1	1	"F3_L_3"
370	255	113	85	1	1	1	"F3_L_4"
371	255	142	85	1	1	1	"F3_L_5"
372	255	170	85	1	1	1	"F3_L_6"
373	255	198	85	1	1	1	"R_L_1"
374	255	227	85	1	1	1	"R_L_2"
375	255	255	85	1	1	1	"R_L_3"
376	0	28	113	1	1	1	"R_L_4"
377	0	57	113	1	1	1	"R_L_5"
378	0	85	113	1	1	1	"R_L_6"
379	0	113	113	1	1	1	"TFO_L_1"
380	0	142	113	1	1	1	"TFO_L_2"
381	0	170	113	1	1	1	"TFO_L_3"
382	0	198	113	1	1	1	"TFO_L_4"
383	0	227	113	1	1	1	"TFO_L_5"
384	0	255	113	1	1	1	"TFO_L_6"
385	28	0	113	1	1	1	"V4v_L_1"
386	28	28	113	1	1	1	"V4v_L_2"
387	28	57	113	1	1	1	"V4v_L_3"
388	28	85	113	1	1	1	"V4v_L_4"
389	28	113	113	1	1	1	"V4v_L_5"
390	28	142	113	1	1	1	"V4v_L_6"
391	28	170	113	1	1	1	"46v_L_1"
392	28	198	113	1	1	1	"46v_L_2"
393	28	227	113	1	1	1	"46v_L_3"
394	28	255	113	1	1	1	"46v_L_4"
395	57	0	113	1	1	1	"46v_L_5"
396	57	28	113	1	1	1	"46v_L_6"
397	57	57	113	1	1	1	"5_(PEc)_L_1"
398	57	85	113	1	1	1	"5_(PEc)_L_2"
399	57	113	113	1	1	1	"5_(PEc)_L_3"
400	57	142	113	1	1	1	"5_(PEc)_L_4"
401	57	170	113	1	1	1	"5_(PEc)_L_5"
402	57	198	113	1	1	1	"5_(PEc)_L_6"
403	57	227	113	1	1	1	"TGdd_L_1"
404	57	255	113	1	1	1	"TGdd_L_2"
405	85	0	113	1	1	1	"TGdd_L_3"
406	85	28	113	1	1	1	"TGdd_L_4"
407	85	57	113	1	1	1	"TGdd_L_5"
408	85	85	113	1	1	1	"TGdd_L_6"
409	85	113	113	1	1	1	"35_L_1"
410	85	142	113	1	1	1	"35_L_2"
411	85	170	113	1	1	1	"35_L_3"
412	85	198	113	1	1	1	"35_L_4"
413	85	227	113	1	1	1	"35_L_5"
414	85	255	113	1	1	1	"35_L_6"
415	113	0	113	1	1	1	"A1_L_1"
416	113	28	113	1	1	1	"A1_L_2"
417	113	57	113	1	1	1	"A1_L_3"
418	113	85	113	1	1	1	"A1_L_4"
419	113	142	113	1	1	1	"A1_L_5"
420	113	170	113	1	1	1	"A1_L_6"
421	113	198	113	1	1	1	"Ial_L_1"
422	113	227	113	1	1	1	"Ial_L_2"
423	113	255	113	1	1	1	"Ial_L_3"
424	142	0	113	1	1	1	"Ial_L_4"
425	142	28	113	1	1	1	"Ial_L_5"
426	142	57	113	1	1	1	"Ial_L_6"
427	142	85	113	1	1	1	"7m_(PGm)_L_1"
428	142	113	113	1	1	1	"7m_(PGm)_L_2"
429	142	142	113	1	1	1	"7m_(PGm)_L_3"
430	142	170	113	1	1	1	"7m_(PGm)_L_4"
431	142	198	113	1	1	1	"7m_(PGm)_L_5"
432	142	227	113	1	1	1	"7m_(PGm)_L_6"
433	142	255	113	1	1	1	"v23b?_L_1"
434	170	0	113	1	1	1	"v23b?_L_2"
435	170	28	113	1	1	1	"v23b?_L_3"
436	170	57	113	1	1	1	"v23b?_L_4"
437	170	85	113	1	1	1	"v23b?_L_5"
438	170	113	113	1	1	1	"v23b?_L_6"
439	170	142	113	1	1	1	"23c_L_1"
440	170	170	113	1	1	1	"23c_L_2"
441	170	198	113	1	1	1	"23c_L_3"
442	170	227	113	1	1	1	"23c_L_4"
443	170	255	113	1	1	1	"23c_L_5"
444	198	0	113	1	1	1	"23c_L_6"
445	198	28	113	1	1	1	"EC_L_1"
446	198	57	113	1	1	1	"EC_L_2"
447	198	85	113	1	1	1	"EC_L_3"
448	198	113	113	1	1	1	"EC_L_4"
449	198	142	113	1	1	1	"EC_L_5"
450	198	170	113	1	1	1	"EC_L_6"
451	198	198	113	1	1	1	"Id_L_1"
452	198	227	113	1	1	1	"Id_L_2"
453	198	255	113	1	1	1	"Id_L_3"
454	227	0	113	1	1	1	"Id_L_4"
455	227	28	113	1	1	1	"Id_L_5"
456	227	57	113	1	1	1	"Id_L_6"
457	227	85	113	1	1	1	"MIP_L_1"
458	227	113	113	1	1	1	"MIP_L_2"
459	227	142	113	1	1	1	"MIP_L_3"
460	227	170	113	1	1	1	"MIP_L_4"
461	227	198	113	1	1	1	"MIP_L_5"
462	227	227	113	1	1	1	"MIP_L_6"
463	227	255	113	1	1	1	"PIP_L_1"
464	255	0	113	1	1	1	"PIP_L_2"
465	255	28	113	1	1	1	"PIP_L_3"
466	255	57	113	1	1	1	"PIP_L_4"
467	255	85	113	1	1	1	"PIP_L_5"
468	255	113	113	1	1	1	"PIP_L_6"
469	255	142	113	1	1	1	"7b_(PFG/PF)_L_1"
470	255	170	113	1	1	1	"7b_(PFG/PF)_L_2"
471	255	198	113	1	1	1	"7b_(PFG/PF)_L_3"
472	255	227	113	1	1	1	"7b_(PFG/PF)_L_4"
473	255	255	113	1	1	1	"7b_(PFG/PF)_L_5"
474	0	28	142	1	1	1	"7b_(PFG/PF)_L_6"
475	80	57	142	1	1	1	"TEpd_L_1"
476	80	85	142	1	1	1	"TEpd_L_2"
477	0	113	142	1	1	1	"TEpd_L_3"
478	0	142	142	1	1	1	"TEpd_L_4"
479	0	170	142	1	1	1	"TEpd_L_5"
480	0	198	142	1	1	1	"TEpd_L_6"
481	0	227	142	1	1	1	"V3v_L_1"
482	0	255	142	1	1	1	"V3v_L_2"
483	28	0	142	1	1	1	"V3v_L_3"
484	28	28	142	1	1	1	"V3v_L_4"
485	28	57	142	1	1	1	"V3v_L_5"
486	28	85	142	1	1	1	"V3v_L_6"
487	28	113	142	1	1	1	"44_L_1"
488	28	142	142	1	1	1	"44_L_2"
489	28	170	142	1	1	1	"44_L_3"
490	28	198	142	1	1	1	"44_L_4"
491	28	227	142	1	1	1	"44_L_5"
492	28	255	142	1	1	1	"44_L_6"
493	57	0	142	1	1	1	"MT_L_1"
494	57	28	142	1	1	1	"MT_L_2"
495	57	57	142	1	1	1	"MT_L_3"
496	57	85	142	1	1	1	"MT_L_4"
497	57	113	142	1	1	1	"MT_L_5"
498	57	142	142	1	1	1	"MT_L_6"
499	57	170	142	1	1	1	"TEm_L_1"
500	57	198	142	1	1	1	"TEm_L_2"
501	57	227	142	1	1	1	"TEm_L_3"
502	57	255	142	1	1	1	"TEm_L_4"
503	85	0	142	1	1	1	"TEm_L_5"
504	85	28	142	1	1	1	"TEm_L_6"
505	185	57	142	1	1	1	"Tpt_L_1"
506	85	85	142	1	1	1	"Tpt_L_2"
507	85	113	142	1	1	1	"Tpt_L_3"
508	85	142	142	1	1	1	"Tpt_L_4"
509	85	170	142	1	1	1	"Tpt_L_5"
510	85	198	142	1	1	1	"Tpt_L_6"
511	85	227	142	1	1	1	"24c_L_1"
512	85	255	142	1	1	1	"24c_L_2"
513	113	0	142	1	1	1	"24c_L_3"
514	113	28	142	1	1	1	"24c_L_4"
515	113	57	142	1	1	1	"24c_L_5"
516	113	85	142	1	1	1	"24c_L_6"
517	113	113	142	1	1	1	"MST_L_1"
518	113	142	142	1	1	1	"MST_L_2"
519	113	170	142	1	1	1	"MST_L_3"
520	113	198	142	1	1	1	"MST_L_4"
521	113	227	142	1	1	1	"MST_L_5"
522	113	255	142	1	1	1	"MST_L_6"
523	142	0	142	1	1	1	"RM_L_1"
524	142	28	142	1	1	1	"RM_L_2"
525	142	57	142	1	1	1	"RM_L_3"
526	142	85	142	1	1	1	"RM_L_4"
527	142	113	142	1	1	1	"RM_L_5"
528	142	170	142	1	1	1	"RM_L_6"
529	142	198	142	1	1	1	"STGr_L_1"
530	142	227	142	1	1	1	"STGr_L_2"
531	142	255	142	1	1	1	"STGr_L_3"
532	170	0	142	1	1	1	"STGr_L_4"
533	170	28	142	1	1	1	"STGr_L_5"
534	170	57	142	1	1	1	"STGr_L_6"
535	170	85	142	1	1	1	"Pi_L_1"
536	170	113	142	1	1	1	"Pi_L_2"
537	170	142	142	1	1	1	"Pi_L_3"
538	170	170	142	1	1	1	"Pi_L_4"
539	170	198	142	1	1	1	"Pi_L_5"
540	170	227	142	1	1	1	"Pi_L_6"
541	170	255	142	1	1	1	"F6_L_1"
542	198	0	142	1	1	1	"F6_L_2"
543	198	28	142	1	1	1	"F6_L_3"
544	198	57	142	1	1	1	"F6_L_4"
545	198	85	142	1	1	1	"F6_L_5"
546	198	113	142	1	1	1	"F6_L_6"
547	198	142	142	1	1	1	"DP_L_1"
548	198	170	142	1	1	1	"DP_L_2"
549	198	198	142	1	1	1	"DP_L_3"
550	198	227	142	1	1	1	"DP_L_4"
551	198	255	142	1	1	1	"DP_L_5"
552	227	0	142	1	1	1	"DP_L_6"
553	227	28	142	1	1	1	"12r_L_1"
554	227	57	142	1	1	1	"12r_L_2"
555	227	85	142	1	1	1	"12r_L_3"
556	227	113	142	1	1	1	"12r_L_4"
557	227	142	142	1	1	1	"12r_L_5"
558	227	170	142	1	1	1	"12r_L_6"
559	227	198	142	1	1	1	"PrCO_L_1"
560	227	227	142	1	1	1	"PrCO_L_2"
561	227	255	142	1	1	1	"PrCO_L_3"
562	255	0	142	1	1	1	"PrCO_L_4"
563	255	28	142	1	1	1	"PrCO_L_5"
564	255	57	142	1	1	1	"PrCO_L_6"
565	255	85	142	1	1	1	"PEci_L_1"
566	255	113	142	1	1	1	"PEci_L_2"
567	255	142	142	1	1	1	"PEci_L_3"
568	255	170	142	1	1	1	"PEci_L_4"
569	255	198	142	1	1	1	"PEci_L_5"
570	255	227	142	1	1	1	"PEci_L_6"
571	255	255	142	1	1	1	"TGdg_L_1"
572	0	28	170	1	1	1	"TGdg_L_2"
573	0	57	170	1	1	1	"TGdg_L_3"
574	0	85	170	1	1	1	"TGdg_L_4"
575	0	113	170	1	1	1	"TGdg_L_5"
576	0	142	170	1	1	1	"TGdg_L_6"
577	0	170	170	1	1	1	"AIP_L_1"
578	0	198	170	1	1	1	"AIP_L_2"
579	0	227	170	1	1	1	"AIP_L_3"
580	0	255	170	1	1	1	"AIP_L_4"
581	28	0	170	1	1	1	"AIP_L_5"
582	28	28	170	1	1	1	"AIP_L_6"
583	28	57	170	1	1	1	"36p_L_1"
584	28	85	170	1	1	1	"36p_L_2"
585	28	113	170	1	1	1	"36p_L_3"
586	28	142	170	1	1	1	"36p_L_4"
587	28	170	170	1	1	1	"36p_L_5"
588	28	198	170	1	1	1	"36p_L_6"
589	28	227	170	1	1	1	"LOP_L_1"
590	28	255	170	1	1	1	"LOP_L_2"
591	57	0	170	1	1	1	"LOP_L_3"
592	57	28	170	1	1	1	"LOP_L_4"
593	57	57	170	1	1	1	"LOP_L_5"
594	57	85	170	1	1	1	"LOP_L_6"
595	57	113	170	1	1	1	"11m_L_1"
596	57	142	170	1	1	1	"11m_L_2"
597	57	170	170	1	1	1	"11m_L_3"
598	57	198	170	1	1	1	"11m_L_4"
599	57	227	170	1	1	1	"11m_L_5"
600	57	255	170	1	1	1	"11m_L_6"
601	85	0	170	1	1	1	"RTp_L_1"
602	85	28	170	1	1	1	"RTp_L_2"
603	85	57	170	1	1	1	"RTp_L_3"
604	85	85	170	1	1	1	"RTp_L_4"
605	85	113	170	1	1	1	"RTp_L_5"
606	85	142	170	1	1	1	"RTp_L_6"
607	85	170	170	1	1	1	"AONl_L_1"
608	85	198	170	1	1	1	"AONl_L_2"
609	85	227	170	1	1	1	"AONl_L_3"
610	85	255	170	1	1	1	"AONl_L_4"
611	113	0	170	1	1	1	"AONl_L_5"
612	113	28	170	1	1	1	"AONl_L_6"
613	113	57	170	1	1	1	"25_L_1"
614	113	85	170	1	1	1	"25_L_2"
615	113	113	170	1	1	1	"25_L_3"
616	113	142	170	1	1	1	"25_L_4"
617	113	170	170	1	1	1	"25_L_5"
618	113	198	170	1	1	1	"25_L_6"
619	113	227	170	1	1	1	"Iapm_L_1"
620	113	255	170	1	1	1	"Iapm_L_2"
621	142	0	170	1	1	1	"Iapm_L_3"
622	142	28	170	1	1	1	"Iapm_L_4"
623	142	57	170	1	1	1	"Iapm_L_5"
624	142	85	170	1	1	1	"Iapm_L_6"
625	142	113	170	1	1	1	"RT_L_1"
626	142	142	170	1	1	1	"RT_L_2"
627	142	170	170	1	1	1	"RT_L_3"
628	142	198	170	1	1	1	"RT_L_4"
629	142	227	170	1	1	1	"RT_L_5"
630	142	255	170	1	1	1	"RT_L_6"
631	170	0	170	1	1	1	"7a_(Opt/PG)_L_1"
632	170	28	170	1	1	1	"7a_(Opt/PG)_L_2"
633	170	57	170	1	1	1	"7a_(Opt/PG)_L_3"
634	170	85	170	1	1	1	"7a_(Opt/PG)_L_4"
635	170	113	170	1	1	1	"7a_(Opt/PG)_L_5"
636	170	142	170	1	1	1	"7a_(Opt/PG)_L_6"
637	170	198	170	1	1	1	"TEpv_L_1"
638	170	227	170	1	1	1	"TEpv_L_2"
639	170	255	170	1	1	1	"TEpv_L_3"
640	198	0	170	1	1	1	"TEpv_L_4"
641	198	28	170	1	1	1	"TEpv_L_5"
642	198	57	170	1	1	1	"TEpv_L_6"
643	198	85	170	1	1	1	"V3A_L_1"
644	198	113	170	1	1	1	"V3A_L_2"
645	198	142	170	1	1	1	"V3A_L_3"
646	198	170	170	1	1	1	"V3A_L_4"
647	198	198	170	1	1	1	"V3A_L_5"
648	198	227	170	1	1	1	"V3A_L_6"
649	198	255	170	1	1	1	"45a_L_1"
650	227	0	170	1	1	1	"45a_L_2"
651	227	28	170	1	1	1	"45a_L_3"
652	227	57	170	1	1	1	"45a_L_4"
653	227	85	170	1	1	1	"45a_L_5"
654	227	113	170	1	1	1	"45a_L_6"
655	227	142	170	1	1	1	"TEO_L_1"
656	227	170	170	1	1	1	"TEO_L_2"
657	227	198	170	1	1	1	"TEO_L_3"
658	227	227	170	1	1	1	"TEO_L_4"
659	227	255	170	1	1	1	"TEO_L_5"
660	255	0	170	1	1	1	"TEO_L_6"
661	255	28	170	1	1	1	"F7_L_1"
662	255	57	170	1	1	1	"F7_L_2"
663	255	85	170	1	1	1	"F7_L_3"
664	255	113	170	1	1	1	"F7_L_4"
665	255	142	170	1	1	1	"F7_L_5"
666	255	170	170	1	1	1	"F7_L_6"
667	255	198	170	1	1	1	"46d_L_1"
668	255	227	170	1	1	1	"46d_L_2"
669	255	255	170	1	1	1	"46d_L_3"
670	0	28	198	1	1	1	"46d_L_4"
671	0	57	198	1	1	1	"46d_L_5"
672	0	85	198	1	1	1	"46d_L_6"
673	0	113	198	1	1	1	"Iai_L_1"
674	0	142	198	1	1	1	"Iai_L_2"
675	0	170	198	1	1	1	"Iai_L_3"
676	0	198	198	1	1	1	"Iai_L_4"
677	0	227	198	1	1	1	"Iai_L_5"
678	0	255	198	1	1	1	"Iai_L_6"
679	28	0	198	1	1	1	"F5_(6Va/6Vb)_L_1"
680	28	28	198	1	1	1	"F5_(6Va/6Vb)_L_2"
681	28	57	198	1	1	1	"F5_(6Va/6Vb)_L_3"
682	28	85	198	1	1	1	"F5_(6Va/6Vb)_L_4"
683	28	113	198	1	1	1	"F5_(6Va/6Vb)_L_5"
684	28	142	198	1	1	1	"F5_(6Va/6Vb)_L_6"
685	28	170	198	1	1	1	"LIPd_L_1"
686	28	198	198	1	1	1	"LIPd_L_2"
687	28	227	198	1	1	1	"LIPd_L_3"
688	28	255	198	1	1	1	"LIPd_L_4"
689	57	0	198	1	1	1	"LIPd_L_5"
690	57	28	198	1	1	1	"LIPd_L_6"
691	57	57	198	1	1	1	"V2_L_1"
692	57	85	198	1	1	1	"V2_L_2"
693	57	113	198	1	1	1	"V2_L_3"
694	57	142	198	1	1	1	"V2_L_4"
695	57	170	198	1	1	1	"V2_L_5"
696	57	198	198	1	1	1	"V2_L_6"
697	57	227	198	1	1	1	"36r_L_1"
698	57	255	198	1	1	1	"36r_L_2"
699	85	0	198	1	1	1	"36r_L_3"
700	85	28	198	1	1	1	"36r_L_4"
701	85	57	198	1	1	1	"36r_L_5"
702	85	85	198	1	1	1	"36r_L_6"
703	85	113	198	1	1	1	"12l_L_1"
704	85	142	198	1	1	1	"12l_L_2"
705	85	170	198	1	1	1	"12l_L_3"
706	85	198	198	1	1	1	"12l_L_4"
707	85	227	198	1	1	1	"12l_L_5"
708	85	255	198	1	1	1	"12l_L_6"
709	113	0	198	1	1	1	"5_(PEa)_L_1"
710	113	28	198	1	1	1	"5_(PEa)_L_2"
711	113	57	198	1	1	1	"5_(PEa)_L_3"
712	113	85	198	1	1	1	"5_(PEa)_L_4"
713	113	113	198	1	1	1	"5_(PEa)_L_5"
714	113	142	198	1	1	1	"5_(PEa)_L_6"
715	113	170	198	1	1	1	"TGsts_L_1"
716	113	198	198	1	1	1	"TGsts_L_2"
717	113	227	198	1	1	1	"TGsts_L_3"
718	113	255	198	1	1	1	"TGsts_L_4"
719	142	0	198	1	1	1	"TGsts_L_5"
720	142	28	198	1	1	1	"TGsts_L_6"
721	142	57	198	1	1	1	"Other_L_1"
722	142	85	198	1	1	1	"Other_L_2"
723	142	113	198	1	1	1	"Other_L_3"
724	142	142	198	1	1	1	"Other_L_4"
725	142	170	198	1	1	1	"Other_L_5"
726	142	198	198	1	1	1	"Other_L_6"
727	142	227	198	1	1	1	"3a/b_L_1"
728	142	255	198	1	1	1	"3a/b_L_2"
729	170	0	198	1	1	1	"3a/b_L_3"
730	170	28	198	1	1	1	"3a/b_L_4"
731	170	57	198	1	1	1	"3a/b_L_5"
732	170	85	198	1	1	1	"3a/b_L_6"
733	170	113	198	1	1	1	"ME_L_1"
734	170	142	198	1	1	1	"ME_L_2"
735	170	170	198	1	1	1	"ME_L_3"
736	170	198	198	1	1	1	"ME_L_4"
737	170	227	198	1	1	1	"ME_L_5"
738	170	255	198	1	1	1	"ME_L_6"
739	198	0	198	1	1	1	"AHA_L_1"
740	198	28	198	1	1	1	"AHA_L_2"
741	198	57	198	1	1	1	"AHA_L_3"
742	198	85	198	1	1	1	"AHA_L_4"
743	198	113	198	1	1	1	"AHA_L_5"
744	198	142	198	1	1	1	"AHA_L_6"
745	198	170	198	1	1	1	"TGa_L_1"
746	198	227	198	1	1	1	"TGa_L_2"
747	198	255	198	1	1	1	"TGa_L_3"
748	227	0	198	1	1	1	"TGa_L_4"
749	227	28	198	1	1	1	"TGa_L_5"
750	227	57	198	1	1	1	"TGa_L_6"
751	227	85	198	1	1	1	"V6Ad_L_1"
752	227	113	198	1	1	1	"V6Ad_L_2"
753	227	142	198	1	1	1	"V6Ad_L_3"
754	227	170	198	1	1	1	"V6Ad_L_4"
755	227	198	198	1	1	1	"V6Ad_L_5"
756	227	227	198	1	1	1	"V6Ad_L_6"
757	227	255	198	1	1	1	"TF_L_1"
758	255	0	198	1	1	1	"TF_L_2"
759	255	28	198	1	1	1	"TF_L_3"
760	255	57	198	1	1	1	"TF_L_4"
761	255	85	198	1	1	1	"TF_L_5"
762	255	113	198	1	1	1	"TF_L_6"
763	255	142	198	1	1	1	"45b_L_1"
764	255	170	198	1	1	1	"45b_L_2"
765	255	198	198	1	1	1	"45b_L_3"
766	255	227	198	1	1	1	"45b_L_4"
767	255	255	198	1	1	1	"45b_L_5"
768	0	28	227	1	1	1	"45b_L_6"
769	0	57	227	1	1	1	"TEad_L_1"
770	0	85	227	1	1	1	"TEad_L_2"
771	0	113	227	1	1	1	"TEad_L_3"
772	0	142	227	1	1	1	"TEad_L_4"
773	0	170	227	1	1	1	"TEad_L_5"
774	0	198	227	1	1	1	"TEad_L_6"
775	0	227	227	1	1	1	"PGa_L_1"
776	0	255	227	1	1	1	"PGa_L_2"
777	28	0	227	1	1	1	"PGa_L_3"
778	28	28	227	1	1	1	"PGa_L_4"
779	28	57	227	1	1	1	"PGa_L_5"
780	28	85	227	1	1	1	"PGa_L_6"
781	28	113	227	1	1	1	"F4_L_1"
782	28	142	227	1	1	1	"F4_L_2"
783	28	170	227	1	1	1	"F4_L_3"
784	28	198	227	1	1	1	"F4_L_4"
785	28	227	227	1	1	1	"F4_L_5"
786	28	255	227	1	1	1	"F4_L_6"
787	57	0	227	1	1	1	"Bmc_L_1"
788	57	28	227	1	1	1	"Bmc_L_2"
789	57	57	227	1	1	1	"Bmc_L_3"
790	57	85	227	1	1	1	"Bmc_L_4"
791	57	113	227	1	1	1	"Bmc_L_5"
792	57	142	227	1	1	1	"Bmc_L_6"
793	57	170	227	1	1	1	"8Ad_L_1"
794	57	198	227	1	1	1	"8Ad_L_2"
795	57	227	227	1	1	1	"8Ad_L_3"
796	57	255	227	1	1	1	"8Ad_L_4"
797	85	0	227	1	1	1	"8Ad_L_5"
798	85	28	227	1	1	1	"8Ad_L_6"
799	85	57	227	1	1	1	"RTL_L_1"
800	85	85	227	1	1	1	"RTL_L_2"
801	85	113	227	1	1	1	"RTL_L_3"
802	85	142	227	1	1	1	"RTL_L_4"
803	85	170	227	1	1	1	"RTL_L_5"
804	85	198	227	1	1	1	"RTL_L_6"
805	85	227	227	1	1	1	"12o_L_1"
806	85	255	227	1	1	1	"12o_L_2"
807	113	0	227	1	1	1	"12o_L_3"
808	113	28	227	1	1	1	"12o_L_4"
809	113	57	227	1	1	1	"12o_L_5"
810	113	85	227	1	1	1	"12o_L_6"
811	113	113	227	1	1	1	"CM_L_1"
812	113	142	227	1	1	1	"CM_L_2"
813	113	170	227	1	1	1	"CM_L_3"
814	113	198	227	1	1	1	"CM_L_4"
815	113	227	227	1	1	1	"CM_L_5"
816	113	255	227	1	1	1	"CM_L_6"
817	142	0	227	1	1	1	"TAa_L_1"
818	142	28	227	1	1	1	"TAa_L_2"
819	142	57	227	1	1	1	"TAa_L_3"
820	142	85	227	1	1	1	"TAa_L_4"
821	142	113	227	1	1	1	"TAa_L_5"
822	142	142	227	1	1	1	"TAa_L_6"
823	142	170	227	1	1	1	"F2_(6DR/6DC)_L_1"
824	142	198	227	1	1	1	"F2_(6DR/6DC)_L_2"
825	142	227	227	1	1	1	"F2_(6DR/6DC)_L_3"
826	142	255	227	1	1	1	"F2_(6DR/6DC)_L_4"
827	170	0	227	1	1	1	"F2_(6DR/6DC)_L_5"
828	170	28	227	1	1	1	"F2_(6DR/6DC)_L_6"
829	170	57	227	1	1	1	"TGvg_L_1"
830	170	85	227	1	1	1	"TGvg_L_2"
831	170	113	227	1	1	1	"TGvg_L_3"
832	170	142	227	1	1	1	"TGvg_L_4"
833	170	170	227	1	1	1	"TGvg_L_5"
834	170	198	227	1	1	1	"TGvg_L_6"
835	170	227	227	1	1	1	"CL_L_1"
836	170	255	227	1	1	1	"CL_L_2"
837	198	0	227	1	1	1	"CL_L_3"
838	198	28	227	1	1	1	"CL_L_4"
839	198	57	227	1	1	1	"CL_L_5"
840	198	85	227	1	1	1	"CL_L_6"
841	198	113	227	1	1	1	"TPO_L_1"
842	198	142	227	1	1	1	"TPO_L_2"
843	198	170	227	1	1	1	"TPO_L_3"
844	198	198	227	1	1	1	"TPO_L_4"
845	198	227	227	1	1	1	"TPO_L_5"
846	198	255	227	1	1	1	"TPO_L_6"
847	227	0	227	1	1	1	"TEa_L_1"
848	227	28	227	1	1	1	"TEa_L_2"
849	227	57	227	1	1	1	"TEa_L_3"
850	227	85	227	1	1	1	"TEa_L_4"
851	227	113	227	1	1	1	"TEa_L_5"
852	227	142	227	1	1	1	"TEa_L_6"
853	227	170	227	1	1	1	"IPa_L_1"
854	227	198	227	1	1	1	"IPa_L_2"
855	227	255	227	1	1	1	"IPa_L_3"
856	255	0	227	1	1	1	"IPa_L_4"
857	255	28	227	1	1	1	"IPa_L_5"
858	255	57	227	1	1	1	"IPa_L_6"
859	255	85	227	1	1	1	"ELr_L_1"
860	255	113	227	1	1	1	"ELr_L_2"
861	255	142	227	1	1	1	"ELr_L_3"
862	255	170	227	1	1	1	"ELr_L_4"
863	255	198	227	1	1	1	"ELr_L_5"
864	255	227	227	1	1	1	"ELr_L_6"
865	255	255	227	1	1	1	"Bpc_L_1"
866	0	28	255	1	1	1	"Bpc_L_2"
867	0	57	255	1	1	1	"Bpc_L_3"
868	0	85	255	1	1	1	"Bpc_L_4"
869	0	113	255	1	1	1	"Bpc_L_5"
870	0	142	255	1	1	1	"Bpc_L_6"
871	0	170	255	1	1	1	"ELc_L_1"
872	0	198	255	1	1	1	"ELc_L_2"
873	0	227	255	1	1	1	"ELc_L_3"
874	0	255	255	1	1	1	"ELc_L_4"
875	28	0	255	1	1	1	"ELc_L_5"
876	28	28	255	1	1	1	"ELc_L_6"
877	28	57	255	1	1	1	"V2?_L_1"
878	28	85	255	1	1	1	"V2?_L_2"
879	28	113	255	1	1	1	"V2?_L_3"
880	28	142	255	1	1	1	"V2?_L_4"
881	28	170	255	1	1	1	"V2?_L_5"
882	28	198	255	1	1	1	"V2?_L_6"
883	28	227	255	1	1	1	"V2_or_v23b?_L_1"
884	28	255	255	1	1	1	"V2_or_v23b?_L_2"
885	57	0	255	1	1	1	"V2_or_v23b?_L_3"
886	57	28	255	1	1	1	"V2_or_v23b?_L_4"
887	57	57	255	1	1	1	"V2_or_v23b?_L_5"
888	57	85	255	1	1	1	"V2_or_v23b?_L_6"
889	57	113	255	1	1	1	"PL'_L_1"
890	57	142	255	1	1	1	"PL'_L_2"
891	57	170	255	1	1	1	"PL'_L_3"
892	57	198	255	1	1	1	"PL'_L_4"
893	57	227	255	1	1	1	"PL'_L_5"
894	57	255	255	1	1	1	"PL'_L_6"
895	85	0	255	1	1	1	"NLOT_L_1"
896	85	28	255	1	1	1	"NLOT_L_2"
897	85	57	255	1	1	1	"NLOT_L_3"
898	85	85	255	1	1	1	"NLOT_L_4"
899	85	113	255	1	1	1	"NLOT_L_5"
900	85	142	255	1	1	1	"NLOT_L_6"
901	85	170	255	1	1	1	"PAC3_L_1"
902	85	198	255	1	1	1	"PAC3_L_2"
903	85	227	255	1	1	1	"PAC3_L_3"
904	85	255	255	1	1	1	"PAC3_L_4"
905	113	0	255	1	1	1	"PAC3_L_5"
906	113	28	255	1	1	1	"PAC3_L_6"
907	113	57	255	1	1	1	"PACs_L_1"
908	113	85	255	1	1	1	"PACs_L_2"
909	113	113	255	1	1	1	"PACs_L_3"
910	113	142	255	1	1	1	"PACs_L_4"
911	113	170	255	1	1	1	"PACs_L_5"
912	113	198	255	1	1	1	"PACs_L_6"
913	113	227	255	1	1	1	"24b'_L_1"
914	113	255	255	1	1	1	"24b'_L_2"
915	142	0	255	1	1	1	"24b'_L_3"
916	142	28	255	1	1	1	"24b'_L_4"
917	142	57	255	1	1	1	"24b'_L_5"
918	142	85	255	1	1	1	"24b'_L_6"
919	142	113	255	1	1	1	"24a_L_1"
920	142	142	255	1	1	1	"24a_L_2"
921	142	170	255	1	1	1	"24a_L_3"
922	142	198	255	1	1	1	"24a_L_4"
923	142	227	255	1	1	1	"24a_L_5"
924	142	255	255	1	1	1	"24a_L_6"
925	170	0	255	1	1	1	"24c'_L_1"
926	170	28	255	1	1	1	"24c'_L_2"
927	170	57	255	1	1	1	"24c'_L_3"
928	170	85	255	1	1	1	"24c'_L_4"
929	170	113	255	1	1	1	"24c'_L_5"
930	170	142	255	1	1	1	"24c'_L_6"
931	170	170	255	1	1	1	"14c_L_1"
932	170	198	255	1	1	1	"14c_L_2"
933	170	227	255	1	1	1	"14c_L_3"
934	170	255	255	1	1	1	"14c_L_4"
935	198	0	255	1	1	1	"14c_L_5"
936	198	28	255	1	1	1	"14c_L_6"
937	198	57	255	1	1	1	"EO_L_1"
938	198	85	255	1	1	1	"EO_L_2"
939	198	113	255	1	1	1	"EO_L_3"
940	198	142	255	1	1	1	"EO_L_4"
941	198	170	255	1	1	1	"EO_L_5"
942	198	198	255	1	1	1	"EO_L_6"
943	198	227	255	1	1	1	"TH_L_1"
944	198	255	255	1	1	1	"TH_L_2"
945	227	0	255	1	1	1	"TH_L_3"
946	227	28	255	1	1	1	"TH_L_4"
947	227	57	255	1	1	1	"TH_L_5"
948	227	85	255	1	1	1	"TH_L_6"
949	227	113	255	1	1	1	"PACo/Pir_L_1"
950	227	142	255	1	1	1	"PACo/Pir_L_2"
951	227	170	255	1	1	1	"PACo/Pir_L_3"
952	227	198	255	1	1	1	"PACo/Pir_L_4"
953	227	227	255	1	1	1	"PACo/Pir_L_5"
954	227	255	255	1	1	1	"PACo/Pir_L_6"
955	255	0	255	1	1	1	"PAC2_L_1"
956	255	28	255	1	1	1	"PAC2_L_2"
957	255	57	255	1	1	1	"PAC2_L_3"
958	255	85	255	1	1	1	"PAC2_L_4"
959	255	113	255	1	1	1	"PAC2_L_5"
960	255	142	255	1	1	1	"PAC2_L_6"
961	255	170	255	1	1	1	"Iapl_L_1"
962	255	198	255	1	1	1	"Iapl_L_2"
963	255	227	255	1	1	1	"Iapl_L_3"
964	6	0	0	1	1	1	"Iapl_L_4"
965	13	0	0	1	1	1	"Iapl_L_5"
966	19	0	0	1	1	1	"Iapl_L_6"
967	26	0	0	1	1	1	"Ri_L_1"
968	32	0	0	1	1	1	"Ri_L_2"
969	38	0	0	1	1	1	"Ri_L_3"
970	45	0	0	1	1	1	"Ri_L_4"
971	51	0	0	1	1	1	"Ri_L_5"
972	57	0	0	1	1	1	"Ri_L_6"
